101
106
112
114
115
122
127
129
132
136
142
143
145
146
147
150
151
152
153
154
155
157
159
161
165
169
172
173
175
178
181
182
183
184
185
186
188
19
191
192
194
196
197
198
20
202
203
207
211
215
217
218
22
222
223
224
225
228
229
230
231
234
235
236
242
244
245
246
247
248
249
250
254
255
256
257
258
259
260
261
262
263
264
265
266
267
268
269
27
272
273
274
275
277
278
279
280
281
282
283
285
286
287
288
289
290
291
292
293
294
295
296
297
300
302
303
304
305
306
308
309
310
311
312
313
314
315
317
318
319
32
320
321
323
325
326
327
328
329
33
330
332
335
336
337
338
339
340
341
342
343
344
345
346
347
348
349
350
351
352
354
356
357
359
360
361
362
363
364
365
366
367
368
369
37
370
371
372
373
374
375
376
377
378
379
380
382
383
384
385
386
387
388
389
390
391
392
395
396
397
398
399
400
402
403
404
405
406
407
408
409
410
411
412
413
414
416
417
418
419
420
422
423
424
425
426
427
428
429
43
430
431
432
433
434
435
436
437
438
439
440
441
442
443
444
445
446
447
448
449
450
451
452
453
454
455
456
458
459
460
461
462
463
464
465
466
467
468
469
47
470
471
472
473
474
475
476
477
478
479
481
482
483
484
485
486
487
488
489
490
491
54
55
61
64
75
81
87
90
91
93
97
98
species-photo.txt
